01917
02240
02361
02804
02933
03160
03541
05521
05677
05762
06021
06209
06519
06556
06801
07759
08097
08320
08574
09028
09156
09157
10482
10483
10568
10918
11390
11500
11797
11944
12287
12364
12384
12392
12424
12582
12587
12696
12798
12864
12891
12961
12987
13314
13315
14247
14260
14544
14629
15341
15824
15827
15839
15983
16294
16309
16653
16954
17046
17076
17119
17229
17451
17453
17966
19559
19840
20422
21112
21270
21720
21942
21966
22554
23446
23669
24365
24661
24703
25060
25568
25832
26103
26242
26469
26652
26701
26841
26908
26912
27473
28292
29671
29677
29977
30081
30150
30410
33310
33502
33599
33759
34575
34611
34846
34883
35026
35287
35665
35741
35804
36148
36186
36298
36350
36494
36500
37430
38713
38836
38939
39569
40076
40261
40275
41565
42255
43324
43591
44008
44197
44208
44604
46161
46775
47106
47626
47885
48508
48539
48581
49426
49748
49787
50145
50259
50381
50553
50837
52051
52276
52354
53216
53291
53313
53369
54116
54156
54546
54834
55053
55210
55391
56302
56310
56321
56358
56529
56782
57183
57655
57665
57731
57760
57964
58671
59114
59115
59159
